이상영  011-1234-5678  leesy  1234  500  19
이사영  123-5236-2355  keoqn  1234  0  0
개나리  234-6612-2351  ganeq  1244  0  0
책받침  235-1622-1236  ekanq  2341  0  0
다다다  123-5122-1265  dadqn  1235  0  0
딕슨슨  123-2422-1232  lewnq  1234  0  0
가나다  231-2353-2322  eqnww  1242  0  0
가나다  222-1234-2312  leqni  1232  0  0
마우스  123-2321-2353  iqwns  1234  0  0
충전기  123-2312-1264  qwert  1234  4000  0
0  0  0  0  0  0
0  0  0  0  0  0
0  0  0  0  0  0
0  0  0  0  0  0
0  0  0  0  0  0
0  0  0  0  0  0
0  0  0  0  0  0
0  0  0  0  0  0
0  0  0  0  0  0
0  0  0  0  0  0

